<TICKER>,<DTYYYYMMDD>,<TIME>,<OPEN>,<HIGH>,<LOW>,<CLOSE>,<VOL>
USDJPY,20010102,230300,114.43,114.43,114.43,114.43,4
USDJPY,20010102,230400,114.44,114.44,114.44,114.44,4
USDJPY,20010102,230500,114.44,114.44,114.44,114.44,4
USDJPY,20010102,230700,114.44,114.44,114.44,114.44,4
USDJPY,20010102,230800,114.44,114.44,114.44,114.44,4
USDJPY,20010102,230900,114.44,114.44,114.44,114.44,4
USDJPY,20010102,231100,114.44,114.45,114.44,114.45,4
USDJPY,20010102,231200,114.45,114.45,114.45,114.45,4
USDJPY,20010102,231300,114.45,114.45,114.43,114.43,4
USDJPY,20010102,231400,114.42,114.42,114.41,114.41,4
USDJPY,20010102,231500,114.41,114.41,114.40,114.40,4
USDJPY,20010102,231600,114.40,114.40,114.39,114.39,4
USDJPY,20010102,232000,114.39,114.39,114.38,114.38,4
USDJPY,20010102,232100,114.38,114.38,114.38,114.38,4
USDJPY,20010102,232200,114.38,114.39,114.38,114.39,4
USDJPY,20010102,232300,114.39,114.39,114.39,114.39,4
USDJPY,20010102,232400,114.40,114.40,114.40,114.40,4
USDJPY,20010102,232500,114.39,114.39,114.38,114.38,4
USDJPY,20010102,232600,114.38,114.38,114.38,114.38,4
USDJPY,20010102,232700,114.38,114.38,114.38,114.38,4
USDJPY,20010102,232800,114.37,114.37,114.37,114.37,4
USDJPY,20010102,232900,114.37,114.38,114.37,114.38,4
USDJPY,20010102,233000,114.38,114.38,114.38,114.38,4
USDJPY,20010102,233100,114.38,114.38,114.38,114.38,4
USDJPY,20010102,233400,114.38,114.39,114.38,114.39,4
USDJPY,20010102,233500,114.40,114.40,114.40,114.40,4
USDJPY,20010102,233600,114.41,114.41,114.41,114.41,4
USDJPY,20010102,233700,114.40,114.40,114.40,114.40,4
USDJPY,20010102,233800,114.39,114.40,114.39,114.40,4
USDJPY,20010102,233900,114.40,114.40,114.39,114.39,4
USDJPY,20010102,234000,114.39,114.39,114.39,114.39,4
USDJPY,20010102,234100,114.39,114.39,114.39,114.39,4
USDJPY,20010102,234200,114.39,114.39,114.39,114.39,4
USDJPY,20010102,234600,114.41,114.41,114.41,114.41,4
USDJPY,20010102,234700,114.41,114.41,114.41,114.41,4
USDJPY,20010102,234800,114.40,114.40,114.40,114.40,4
USDJPY,20010102,235100,114.40,114.40,114.40,114.40,4
USDJPY,20010102,235200,114.40,114.41,114.40,114.41,4
USDJPY,20010102,235300,114.41,114.41,114.40,114.40,4
USDJPY,20010102,235400,114.40,114.40,114.40,114.40,4
USDJPY,20010102,235500,114.40,114.42,114.40,114.42,4
USDJPY,20010102,235600,114.42,114.43,114.42,114.43,4
USDJPY,20010102,235700,114.43,114.43,114.43,114.43,4
USDJPY,20010103,000000,114.42,114.42,114.42,114.42,4
USDJPY,20010103,000300,114.40,114.40,114.40,114.40,4
USDJPY,20010103,000400,114.41,114.43,114.41,114.43,4
USDJPY,20010103,000500,114.43,114.43,114.43,114.43,4
USDJPY,20010103,000600,114.43,114.43,114.43,114.43,4
USDJPY,20010103,000800,114.42,114.42,114.42,114.42,4
USDJPY,20010103,000900,114.43,114.44,114.43,114.44,4
USDJPY,20010103,001000,114.43,114.43,114.43,114.43,4
USDJPY,20010103,001100,114.42,114.44,114.42,114.44,4
USDJPY,20010103,001200,114.43,114.43,114.43,114.43,4
USDJPY,20010103,001300,114.43,114.43,114.43,114.43,4
USDJPY,20010103,001400,114.43,114.44,114.43,114.44,4
USDJPY,20010103,001600,114.44,114.44,114.44,114.44,4
USDJPY,20010103,001700,114.44,114.44,114.42,114.42,4
USDJPY,20010103,001800,114.42,114.42,114.42,114.42,4
USDJPY,20010103,001900,114.42,114.42,114.39,114.39,4
USDJPY,20010103,002000,114.38,114.38,114.36,114.38,4
USDJPY,20010103,002100,114.38,114.38,114.38,114.38,4
USDJPY,20010103,002200,114.38,114.38,114.38,114.38,4
USDJPY,20010103,002300,114.38,114.39,114.38,114.39,4
USDJPY,20010103,002400,114.39,114.39,114.38,114.38,4
USDJPY,20010103,002500,114.37,114.39,114.37,114.39,4
USDJPY,20010103,002600,114.39,114.39,114.39,114.39,4
USDJPY,20010103,002700,114.39,114.42,114.39,114.42,4
USDJPY,20010103,002800,114.42,114.42,114.42,114.42,4
USDJPY,20010103,002900,114.42,114.42,114.42,114.42,4
USDJPY,20010103,003000,114.42,114.43,114.42,114.43,4
USDJPY,20010103,003100,114.43,114.44,114.43,114.44,4
USDJPY,20010103,003200,114.44,114.44,114.44,114.44,4
USDJPY,20010103,003300,114.44,114.44,114.44,114.44,4
USDJPY,20010103,003400,114.44,114.44,114.44,114.44,4
USDJPY,20010103,003500,114.44,114.44,114.44,114.44,4
USDJPY,20010103,003600,114.44,114.44,114.44,114.44,4
USDJPY,20010103,003700,114.44,114.44,114.44,114.44,4
USDJPY,20010103,003800,114.44,114.44,114.44,114.44,4
USDJPY,20010103,003900,114.43,114.43,114.42,114.42,4
USDJPY,20010103,004000,114.42,114.42,114.42,114.42,4
USDJPY,20010103,004100,114.42,114.42,114.42,114.42,4
USDJPY,20010103,004200,114.42,114.44,114.42,114.44,4
USDJPY,20010103,004300,114.44,114.44,114.44,114.44,4
USDJPY,20010103,004400,114.44,114.44,114.44,114.44,4
USDJPY,20010103,004500,114.44,114.44,114.44,114.44,4
USDJPY,20010103,004600,114.44,114.44,114.44,114.44,4
USDJPY,20010103,004700,114.44,114.44,114.44,114.44,4
USDJPY,20010103,004800,114.44,114.44,114.44,114.44,4
USDJPY,20010103,004900,114.45,114.45,114.45,114.45,4
USDJPY,20010103,005000,114.45,114.45,114.45,114.45,4
USDJPY,20010103,005100,114.45,114.45,114.45,114.45,4
USDJPY,20010103,005200,114.46,114.47,114.46,114.47,4
USDJPY,20010103,005300,114.47,114.47,114.46,114.47,4
USDJPY,20010103,005400,114.47,114.47,114.47,114.47,4
USDJPY,20010103,005500,114.47,114.47,114.47,114.47,4
USDJPY,20010103,005600,114.47,114.47,114.43,114.44,4
USDJPY,20010103,005700,114.44,114.44,114.44,114.44,4
USDJPY,20010103,005800,114.44,114.44,114.44,114.44,4
USDJPY,20010103,005900,114.44,114.44,114.44,114.44,4
USDJPY,20010103,010100,114.44,114.44,114.44,114.44,4
USDJPY,20010103,010200,114.44,114.44,114.44,114.44,4
USDJPY,20010103,010300,114.44,114.44,114.44,114.44,4
USDJPY,20010103,010400,114.44,114.44,114.44,114.44,4
USDJPY,20010103,010500,114.44,114.44,114.44,114.44,4
USDJPY,20010103,010600,114.44,114.44,114.44,114.44,4
USDJPY,20010103,010700,114.44,114.44,114.44,114.44,4
USDJPY,20010103,010800,114.44,114.44,114.44,114.44,4
USDJPY,20010103,010900,114.45,114.45,114.44,114.44,4
USDJPY,20010103,011000,114.44,114.44,114.44,114.44,4
USDJPY,20010103,011100,114.44,114.44,114.44,114.44,4
USDJPY,20010103,011200,114.44,114.44,114.44,114.44,4
USDJPY,20010103,011300,114.43,114.44,114.43,114.44,4
USDJPY,20010103,011400,114.44,114.44,114.44,114.44,4
USDJPY,20010103,011500,114.44,114.44,114.44,114.44,4
USDJPY,20010103,011600,114.44,114.44,114.44,114.44,4
USDJPY,20010103,011700,114.44,114.44,114.41,114.41,4
USDJPY,20010103,011800,114.41,114.41,114.39,114.39,4
USDJPY,20010103,011900,114.39,114.40,114.39,114.40,4
USDJPY,20010103,012000,114.40,114.40,114.40,114.40,4
USDJPY,20010103,012100,114.40,114.40,114.40,114.40,4
USDJPY,20010103,012200,114.40,114.40,114.40,114.40,4
USDJPY,20010103,012300,114.40,114.40,114.40,114.40,4
USDJPY,20010103,012500,114.40,114.41,114.40,114.41,4
USDJPY,20010103,012600,114.41,114.42,114.41,114.42,4
USDJPY,20010103,012700,114.42,114.42,114.42,114.42,4
USDJPY,20010103,012800,114.42,114.42,114.42,114.42,4
USDJPY,20010103,012900,114.42,114.42,114.42,114.42,4
USDJPY,20010103,013000,114.42,114.42,114.42,114.42,4
USDJPY,20010103,013100,114.43,114.44,114.43,114.44,4
USDJPY,20010103,013200,114.44,114.44,114.44,114.44,4
USDJPY,20010103,013300,114.44,114.44,114.44,114.44,4
USDJPY,20010103,013400,114.44,114.44,114.44,114.44,4
USDJPY,20010103,013500,114.44,114.44,114.44,114.44,4
USDJPY,20010103,013600,114.44,114.44,114.44,114.44,4
USDJPY,20010103,013800,114.44,114.44,114.44,114.44,4
USDJPY,20010103,013900,114.45,114.45,114.45,114.45,4
USDJPY,20010103,014000,114.45,114.45,114.44,114.45,4
USDJPY,20010103,014100,114.45,114.45,114.45,114.45,4
USDJPY,20010103,014200,114.45,114.45,114.45,114.45,4
USDJPY,20010103,014300,114.45,114.45,114.45,114.45,4
USDJPY,20010103,014400,114.45,114.45,114.45,114.45,4
USDJPY,20010103,014500,114.45,114.45,114.45,114.45,4
USDJPY,20010103,014600,114.45,114.45,114.45,114.45,4
USDJPY,20010103,014700,114.45,114.45,114.45,114.45,4
USDJPY,20010103,014800,114.45,114.45,114.45,114.45,4
USDJPY,20010103,015000,114.45,114.45,114.45,114.45,4
USDJPY,20010103,015100,114.44,114.44,114.44,114.44,4
USDJPY,20010103,015200,114.44,114.44,114.44,114.44,4
USDJPY,20010103,015400,114.44,114.44,114.44,114.44,4
USDJPY,20010103,015500,114.43,114.43,114.43,114.43,4
USDJPY,20010103,015700,114.43,114.43,114.43,114.43,4
USDJPY,20010103,015800,114.43,114.43,114.43,114.43,4
USDJPY,20010103,015900,114.44,114.44,114.44,114.44,4
USDJPY,20010103,020000,114.44,114.44,114.44,114.44,4
USDJPY,20010103,020100,114.44,114.44,114.44,114.44,4
USDJPY,20010103,020200,114.44,114.44,114.44,114.44,4
USDJPY,20010103,020300,114.44,114.44,114.44,114.44,4
USDJPY,20010103,020400,114.44,114.44,114.44,114.44,4
USDJPY,20010103,020500,114.44,114.44,114.44,114.44,4
USDJPY,20010103,020600,114.44,114.44,114.44,114.44,4
USDJPY,20010103,020700,114.44,114.44,114.44,114.44,4
USDJPY,20010103,020800,114.44,114.44,114.44,114.44,4
USDJPY,20010103,020900,114.44,114.44,114.44,114.44,4
USDJPY,20010103,021000,114.44,114.44,114.44,114.44,4
USDJPY,20010103,021100,114.44,114.44,114.44,114.44,4
USDJPY,20010103,021200,114.44,114.44,114.44,114.44,4
USDJPY,20010103,021400,114.44,114.44,114.44,114.44,4
USDJPY,20010103,021500,114.44,114.44,114.44,114.44,4
USDJPY,20010103,021600,114.44,114.44,114.44,114.44,4
USDJPY,20010103,021700,114.44,114.44,114.44,114.44,4
USDJPY,20010103,021800,114.44,114.44,114.44,114.44,4
USDJPY,20010103,022000,114.44,114.44,114.44,114.44,4
USDJPY,20010103,022200,114.44,114.44,114.44,114.44,4
USDJPY,20010103,022300,114.44,114.45,114.44,114.44,4
USDJPY,20010103,022400,114.44,114.45,114.44,114.44,4
USDJPY,20010103,022500,114.44,114.44,114.44,114.44,4
USDJPY,20010103,022700,114.44,114.44,114.44,114.44,4
USDJPY,20010103,022800,114.44,114.45,114.44,114.45,4
USDJPY,20010103,022900,114.45,114.45,114.45,114.45,4
USDJPY,20010103,023000,114.45,114.45,114.44,114.44,4
USDJPY,20010103,023100,114.44,114.44,114.44,114.44,4
USDJPY,20010103,023200,114.44,114.44,114.44,114.44,4
USDJPY,20010103,023300,114.44,114.45,114.44,114.45,4
USDJPY,20010103,023400,114.45,114.45,114.45,114.45,4
USDJPY,20010103,023500,114.45,114.45,114.45,114.45,4
USDJPY,20010103,023600,114.46,114.47,114.46,114.47,4
USDJPY,20010103,023700,114.47,114.47,114.47,114.47,4
USDJPY,20010103,023800,114.47,114.47,114.47,114.47,4
USDJPY,20010103,023900,114.47,114.47,114.47,114.47,4
USDJPY,20010103,024000,114.47,114.48,114.47,114.48,4
USDJPY,20010103,024100,114.48,114.48,114.48,114.48,4
USDJPY,20010103,024200,114.48,114.48,114.48,114.48,4
USDJPY,20010103,024300,114.48,114.48,114.48,114.48,4
USDJPY,20010103,024400,114.49,114.50,114.49,114.50,4
USDJPY,20010103,024500,114.50,114.53,114.50,114.53,4
USDJPY,20010103,024600,114.53,114.54,114.53,114.54,4
USDJPY,20010103,024700,114.54,114.56,114.54,114.55,4
USDJPY,20010103,024800,114.56,114.56,114.56,114.56,4
USDJPY,20010103,024900,114.57,114.58,114.56,114.58,4
USDJPY,20010103,025000,114.58,114.58,114.58,114.58,4
USDJPY,20010103,025100,114.57,114.57,114.56,114.56,4
USDJPY,20010103,025200,114.56,114.56,114.56,114.56,4
USDJPY,20010103,025300,114.56,114.56,114.56,114.56,4
USDJPY,20010103,025400,114.56,114.56,114.56,114.56,4
USDJPY,20010103,025500,114.56,114.58,114.56,114.58,4
USDJPY,20010103,025600,114.57,114.58,114.57,114.58,4
USDJPY,20010103,025700,114.57,114.57,114.56,114.56,4
USDJPY,20010103,025800,114.56,114.58,114.56,114.58,4
USDJPY,20010103,025900,114.57,114.57,114.56,114.56,4
USDJPY,20010103,030000,114.56,114.57,114.56,114.57,4
USDJPY,20010103,030100,114.57,114.58,114.57,114.58,4
USDJPY,20010103,030200,114.58,114.58,114.58,114.58,4
USDJPY,20010103,030300,114.58,114.58,114.58,114.58,4
USDJPY,20010103,030400,114.58,114.58,114.58,114.58,4
USDJPY,20010103,030500,114.58,114.58,114.58,114.58,4
USDJPY,20010103,030600,114.58,114.58,114.58,114.58,4
USDJPY,20010103,030700,114.58,114.58,114.56,114.56,4
USDJPY,20010103,030800,114.56,114.56,114.56,114.56,4
USDJPY,20010103,030900,114.56,114.56,114.56,114.56,4
USDJPY,20010103,031000,114.56,114.56,114.56,114.56,4
USDJPY,20010103,031100,114.56,114.56,114.56,114.56,4
USDJPY,20010103,031200,114.56,114.56,114.56,114.56,4
USDJPY,20010103,031300,114.56,114.56,114.56,114.56,4
USDJPY,20010103,031400,114.56,114.56,114.56,114.56,4
USDJPY,20010103,031500,114.56,114.56,114.56,114.56,4
USDJPY,20010103,031600,114.56,114.56,114.56,114.56,4
USDJPY,20010103,031700,114.56,114.56,114.56,114.56,4
USDJPY,20010103,031800,114.55,114.56,114.55,114.56,4
USDJPY,20010103,031900,114.56,114.56,114.56,114.56,4
USDJPY,20010103,032000,114.56,114.56,114.56,114.56,4
USDJPY,20010103,032100,114.56,114.56,114.56,114.56,4
USDJPY,20010103,032200,114.56,114.56,114.56,114.56,4
USDJPY,20010103,032300,114.56,114.56,114.56,114.56,4
USDJPY,20010103,032500,114.56,114.56,114.56,114.56,4
USDJPY,20010103,032600,114.54,114.56,114.52,114.56,4
USDJPY,20010103,032700,114.56,114.56,114.56,114.56,4
USDJPY,20010103,032800,114.56,114.56,114.56,114.56,4
USDJPY,20010103,032900,114.56,114.56,114.56,114.56,4
USDJPY,20010103,033000,114.56,114.56,114.56,114.56,4
USDJPY,20010103,033100,114.54,114.55,114.54,114.55,4
USDJPY,20010103,033300,114.55,114.55,114.55,114.55,4
USDJPY,20010103,033500,114.56,114.56,114.54,114.54,4
USDJPY,20010103,033600,114.54,114.54,114.54,114.54,4
USDJPY,20010103,033700,114.54,114.54,114.54,114.54,4
USDJPY,20010103,033900,114.54,114.54,114.53,114.53,4
USDJPY,20010103,034000,114.53,114.53,114.53,114.53,4
USDJPY,20010103,034100,114.53,114.53,114.53,114.53,4
USDJPY,20010103,034200,114.53,114.53,114.53,114.53,4
USDJPY,20010103,034300,114.53,114.53,114.53,114.53,4
USDJPY,20010103,034400,114.53,114.53,114.53,114.53,4
USDJPY,20010103,034500,114.53,114.53,114.53,114.53,4
USDJPY,20010103,034600,114.53,114.54,114.53,114.54,4
USDJPY,20010103,034700,114.54,114.54,114.54,114.54,4
USDJPY,20010103,034800,114.54,114.54,114.54,114.54,4
USDJPY,20010103,034900,114.54,114.54,114.54,114.54,4
USDJPY,20010103,035000,114.54,114.54,114.54,114.54,4
USDJPY,20010103,035100,114.54,114.54,114.54,114.54,4
USDJPY,20010103,035200,114.54,114.54,114.54,114.54,4
USDJPY,20010103,035300,114.54,114.54,114.54,114.54,4
USDJPY,20010103,035400,114.55,114.56,114.55,114.56,4
USDJPY,20010103,035500,114.56,114.56,114.56,114.56,4
USDJPY,20010103,035600,114.56,114.56,114.56,114.56,4
USDJPY,20010103,035700,114.56,114.56,114.56,114.56,4
USDJPY,20010103,035800,114.56,114.56,114.56,114.56,4
USDJPY,20010103,035900,114.56,114.58,114.56,114.58,4
USDJPY,20010103,040000,114.58,114.58,114.58,114.58,4
USDJPY,20010103,040100,114.58,114.58,114.58,114.58,4
USDJPY,20010103,040200,114.58,114.58,114.58,114.58,4
USDJPY,20010103,040300,114.58,114.58,114.58,114.58,4
USDJPY,20010103,040400,114.58,114.58,114.58,114.58,4
USDJPY,20010103,040500,114.58,114.59,114.58,114.59,4
USDJPY,20010103,040600,114.60,114.60,114.58,114.58,4
USDJPY,20010103,040700,114.58,114.58,114.58,114.58,4
USDJPY,20010103,040800,114.58,114.58,114.58,114.58,4
USDJPY,20010103,040900,114.58,114.58,114.58,114.58,4
USDJPY,20010103,041000,114.58,114.58,114.58,114.58,4
USDJPY,20010103,041100,114.58,114.58,114.58,114.58,4
USDJPY,20010103,041200,114.57,114.57,114.56,114.56,4
USDJPY,20010103,041300,114.57,114.58,114.57,114.58,4
USDJPY,20010103,041400,114.58,114.58,114.58,114.58,4
USDJPY,20010103,041500,114.58,114.58,114.58,114.58,4
USDJPY,20010103,041600,114.58,114.58,114.58,114.58,4
USDJPY,20010103,041700,114.58,114.58,114.58,114.58,4
USDJPY,20010103,041800,114.58,114.58,114.56,114.56,4
USDJPY,20010103,041900,114.56,114.57,114.56,114.56,4
USDJPY,20010103,042000,114.56,114.56,114.56,114.56,4
USDJPY,20010103,042200,114.56,114.56,114.56,114.56,4
USDJPY,20010103,042300,114.56,114.56,114.56,114.56,4
USDJPY,20010103,042400,114.56,114.56,114.56,114.56,4
USDJPY,20010103,042500,114.56,114.56,114.55,114.56,4
USDJPY,20010103,042600,114.56,114.56,114.56,114.56,4
USDJPY,20010103,042700,114.56,114.56,114.56,114.56,4
USDJPY,20010103,042800,114.56,114.56,114.56,114.56,4
USDJPY,20010103,042900,114.56,114.56,114.56,114.56,4
USDJPY,20010103,043000,114.56,114.56,114.56,114.56,4
USDJPY,20010103,043100,114.56,114.56,114.56,114.56,4
USDJPY,20010103,043200,114.56,114.56,114.56,114.56,4
USDJPY,20010103,043300,114.56,114.56,114.55,114.55,4
USDJPY,20010103,043400,114.55,114.55,114.55,114.55,4
USDJPY,20010103,043500,114.55,114.56,114.55,114.56,4
USDJPY,20010103,043600,114.56,114.56,114.56,114.56,4
USDJPY,20010103,043700,114.56,114.56,114.56,114.56,4
USDJPY,20010103,043800,114.56,114.56,114.56,114.56,4
USDJPY,20010103,043900,114.56,114.56,114.56,114.56,4
USDJPY,20010103,044000,114.56,114.56,114.55,114.56,4
USDJPY,20010103,044100,114.55,114.55,114.54,114.54,4
USDJPY,20010103,044200,114.54,114.54,114.54,114.54,4
USDJPY,20010103,044300,114.54,114.54,114.54,114.54,4
USDJPY,20010103,044400,114.54,114.54,114.53,114.53,4
USDJPY,20010103,044500,114.53,114.53,114.53,114.53,4
USDJPY,20010103,044600,114.53,114.53,114.53,114.53,4
USDJPY,20010103,044700,114.53,114.53,114.53,114.53,4
USDJPY,20010103,044800,114.53,114.53,114.53,114.53,4
USDJPY,20010103,044900,114.53,114.55,114.53,114.54,4
USDJPY,20010103,045000,114.54,114.54,114.54,114.54,4
USDJPY,20010103,045100,114.54,114.54,114.54,114.54,4
USDJPY,20010103,045200,114.54,114.56,114.54,114.56,4
USDJPY,20010103,045300,114.56,114.56,114.56,114.56,4
USDJPY,20010103,045400,114.56,114.56,114.56,114.56,4
USDJPY,20010103,045500,114.55,114.55,114.54,114.54,4
USDJPY,20010103,045600,114.54,114.54,114.54,114.54,4
USDJPY,20010103,045700,114.54,114.54,114.54,114.54,4
USDJPY,20010103,045800,114.54,114.54,114.54,114.54,4
USDJPY,20010103,045900,114.54,114.54,114.53,114.53,4
USDJPY,20010103,050000,114.53,114.54,114.53,114.53,4
USDJPY,20010103,050100,114.53,114.53,114.53,114.53,4
USDJPY,20010103,050200,114.53,114.53,114.53,114.53,4
USDJPY,20010103,050300,114.53,114.53,114.53,114.53,4
USDJPY,20010103,050400,114.53,114.54,114.53,114.54,4
USDJPY,20010103,050500,114.54,114.54,114.54,114.54,4
USDJPY,20010103,050600,114.54,114.54,114.54,114.54,4
USDJPY,20010103,050700,114.54,114.54,114.54,114.54,4
USDJPY,20010103,050800,114.54,114.54,114.54,114.54,4
USDJPY,20010103,050900,114.54,114.54,114.53,114.53,4
USDJPY,20010103,051000,114.53,114.53,114.53,114.53,4
USDJPY,20010103,051100,114.53,114.53,114.53,114.53,4
USDJPY,20010103,051200,114.53,114.53,114.53,114.53,4
USDJPY,20010103,051300,114.53,114.53,114.53,114.53,4
USDJPY,20010103,051400,114.53,114.53,114.53,114.53,4
USDJPY,20010103,051500,114.53,114.53,114.53,114.53,4
USDJPY,20010103,051600,114.53,114.53,114.53,114.53,4
USDJPY,20010103,051700,114.53,114.53,114.53,114.53,4
USDJPY,20010103,051800,114.53,114.53,114.53,114.53,4
USDJPY,20010103,051900,114.54,114.54,114.54,114.54,4
USDJPY,20010103,052000,114.54,114.54,114.54,114.54,4
USDJPY,20010103,052100,114.54,114.54,114.54,114.54,4
USDJPY,20010103,052200,114.54,114.55,114.54,114.54,4
USDJPY,20010103,052300,114.54,114.54,114.54,114.54,4
USDJPY,20010103,052400,114.54,114.56,114.54,114.55,4
USDJPY,20010103,052500,114.56,114.56,114.55,114.56,4
USDJPY,20010103,052600,114.56,114.56,114.56,114.56,4
USDJPY,20010103,052700,114.56,114.56,114.56,114.56,4
USDJPY,20010103,052800,114.56,114.56,114.56,114.56,4
USDJPY,20010103,053000,114.55,114.56,114.55,114.56,4
USDJPY,20010103,053200,114.56,114.56,114.56,114.56,4
USDJPY,20010103,053300,114.56,114.56,114.56,114.56,4
USDJPY,20010103,053400,114.56,114.56,114.56,114.56,4
USDJPY,20010103,053500,114.56,114.56,114.56,114.56,4
USDJPY,20010103,053600,114.56,114.56,114.56,114.56,4
USDJPY,20010103,053700,114.56,114.56,114.56,114.56,4
USDJPY,20010103,053800,114.56,114.56,114.56,114.56,4
USDJPY,20010103,053900,114.56,114.56,114.56,114.56,4
USDJPY,20010103,054000,114.56,114.56,114.56,114.56,4
USDJPY,20010103,054100,114.56,114.56,114.56,114.56,4
USDJPY,20010103,054200,114.56,114.56,114.56,114.56,4
USDJPY,20010103,054300,114.56,114.56,114.56,114.56,4
USDJPY,20010103,054400,114.56,114.56,114.56,114.56,4
USDJPY,20010103,054500,114.56,114.56,114.56,114.56,4
USDJPY,20010103,054800,114.56,114.56,114.56,114.56,4
USDJPY,20010103,055000,114.55,114.55,114.54,114.54,4
USDJPY,20010103,055100,114.54,114.54,114.54,114.54,4
USDJPY,20010103,055200,114.54,114.54,114.54,114.54,4
USDJPY,20010103,055400,114.54,114.54,114.54,114.54,4
USDJPY,20010103,055500,114.54,114.54,114.54,114.54,4
USDJPY,20010103,055600,114.54,114.54,114.54,114.54,4
USDJPY,20010103,055700,114.54,114.54,114.54,114.54,4
USDJPY,20010103,055800,114.54,114.54,114.54,114.54,4
USDJPY,20010103,055900,114.54,114.54,114.54,114.54,4
USDJPY,20010103,060000,114.54,114.54,114.54,114.54,4
USDJPY,20010103,060100,114.54,114.55,114.54,114.54,4
USDJPY,20010103,060200,114.54,114.54,114.54,114.54,4
USDJPY,20010103,060300,114.54,114.54,114.54,114.54,4
USDJPY,20010103,060400,114.54,114.54,114.54,114.54,4
USDJPY,20010103,060500,114.54,114.54,114.54,114.54,4
USDJPY,20010103,060600,114.54,114.54,114.54,114.54,4
USDJPY,20010103,060700,114.54,114.54,114.54,114.54,4
USDJPY,20010103,060800,114.54,114.54,114.54,114.54,4
USDJPY,20010103,060900,114.56,114.56,114.56,114.56,4
USDJPY,20010103,061000,114.54,114.54,114.54,114.54,4
USDJPY,20010103,061100,114.54,114.54,114.54,114.54,4
USDJPY,20010103,061200,114.54,114.54,114.54,114.54,4
USDJPY,20010103,061300,114.53,114.53,114.52,114.52,4
USDJPY,20010103,061400,114.53,114.53,114.53,114.53,4
USDJPY,20010103,061500,114.53,114.53,114.53,114.53,4
USDJPY,20010103,061600,114.53,114.53,114.53,114.53,4
USDJPY,20010103,061700,114.53,114.53,114.53,114.53,4
USDJPY,20010103,061800,114.53,114.53,114.50,114.50,4
USDJPY,20010103,061900,114.51,114.51,114.50,114.50,4
USDJPY,20010103,062000,114.50,114.50,114.50,114.50,4
USDJPY,20010103,062100,114.50,114.50,114.50,114.50,4
USDJPY,20010103,062200,114.50,114.50,114.50,114.50,4
USDJPY,20010103,062300,114.50,114.50,114.50,114.50,4
USDJPY,20010103,062400,114.50,114.51,114.50,114.51,4
USDJPY,20010103,062500,114.51,114.51,114.51,114.51,4
USDJPY,20010103,062600,114.51,114.51,114.51,114.51,4
USDJPY,20010103,062700,114.51,114.51,114.51,114.51,4
USDJPY,20010103,062800,114.51,114.51,114.51,114.51,4
USDJPY,20010103,062900,114.51,114.51,114.50,114.50,4
USDJPY,20010103,063000,114.51,114.51,114.51,114.51,4
USDJPY,20010103,063100,114.51,114.51,114.51,114.51,4
USDJPY,20010103,063200,114.51,114.51,114.51,114.51,4
USDJPY,20010103,063300,114.51,114.51,114.51,114.51,4
USDJPY,20010103,063400,114.51,114.51,114.51,114.51,4
USDJPY,20010103,063500,114.51,114.51,114.50,114.50,4
USDJPY,20010103,063600,114.49,114.50,114.49,114.50,4
USDJPY,20010103,063700,114.49,114.51,114.48,114.51,4
USDJPY,20010103,063800,114.50,114.51,114.50,114.50,4
USDJPY,20010103,063900,114.50,114.50,114.50,114.50,4
USDJPY,20010103,064000,114.50,114.50,114.50,114.50,4
USDJPY,20010103,064200,114.50,114.50,114.50,114.50,4
USDJPY,20010103,064300,114.50,114.50,114.50,114.50,4
USDJPY,20010103,064400,114.50,114.50,114.50,114.50,4
USDJPY,20010103,064500,114.50,114.50,114.50,114.50,4
USDJPY,20010103,064600,114.50,114.50,114.50,114.50,4
USDJPY,20010103,064700,114.50,114.53,114.50,114.52,4
USDJPY,20010103,064800,114.52,114.53,114.52,114.53,4
USDJPY,20010103,064900,114.53,114.53,114.53,114.53,4
USDJPY,20010103,065000,114.53,114.53,114.53,114.53,4
USDJPY,20010103,065100,114.53,114.53,114.53,114.53,4
USDJPY,20010103,065200,114.53,114.53,114.53,114.53,4
USDJPY,20010103,065300,114.53,114.53,114.53,114.53,4
USDJPY,20010103,065400,114.53,114.53,114.53,114.53,4
USDJPY,20010103,065500,114.53,114.53,114.53,114.53,4
USDJPY,20010103,065600,114.53,114.53,114.53,114.53,4
USDJPY,20010103,065700,114.53,114.53,114.53,114.53,4
USDJPY,20010103,065800,114.53,114.53,114.53,114.53,4
USDJPY,20010103,065900,114.53,114.53,114.53,114.53,4
USDJPY,20010103,070000,114.53,114.53,114.53,114.53,4
USDJPY,20010103,070100,114.54,114.55,114.53,114.53,4
USDJPY,20010103,070200,114.54,114.54,114.54,114.54,4
USDJPY,20010103,070300,114.54,114.54,114.53,114.54,4
USDJPY,20010103,070400,114.56,114.56,114.56,114.56,4
USDJPY,20010103,070500,114.56,114.56,114.56,114.56,4
USDJPY,20010103,070600,114.56,114.57,114.56,114.56,4
USDJPY,20010103,070700,114.56,114.58,114.56,114.58,4
USDJPY,20010103,070800,114.58,114.60,114.58,114.59,4
USDJPY,20010103,070900,114.59,114.60,114.59,114.59,4
USDJPY,20010103,071000,114.59,114.59,114.58,114.58,4
USDJPY,20010103,071100,114.58,114.58,114.53,114.54,4
USDJPY,20010103,071200,114.55,114.56,114.54,114.54,4
USDJPY,20010103,071300,114.53,114.53,114.53,114.53,4
USDJPY,20010103,071400,114.53,114.55,114.52,114.54,4
USDJPY,20010103,071500,114.53,114.53,114.52,114.53,4
USDJPY,20010103,071600,114.52,114.53,114.52,114.53,4
USDJPY,20010103,071700,114.52,114.55,114.52,114.55,4
USDJPY,20010103,071800,114.54,114.55,114.54,114.54,4
USDJPY,20010103,071900,114.54,114.55,114.53,114.55,4
USDJPY,20010103,072000,114.54,114.54,114.52,114.52,4
USDJPY,20010103,072100,114.51,114.51,114.49,114.49,4
USDJPY,20010103,072200,114.49,114.49,114.47,114.47,4
USDJPY,20010103,072300,114.47,114.47,114.45,114.45,4
USDJPY,20010103,072400,114.45,114.46,114.45,114.46,4
USDJPY,20010103,072500,114.46,114.47,114.46,114.46,4
USDJPY,20010103,072600,114.45,114.45,114.44,114.44,4
USDJPY,20010103,072700,114.43,114.44,114.41,114.42,4
USDJPY,20010103,072800,114.41,114.42,114.39,114.40,4
USDJPY,20010103,072900,114.39,114.41,114.39,114.40,4
USDJPY,20010103,073000,114.40,114.41,114.39,114.40,4
USDJPY,20010103,073100,114.40,114.42,114.40,114.42,4
USDJPY,20010103,073200,114.43,114.44,114.42,114.42,4
USDJPY,20010103,073300,114.42,114.45,114.42,114.43,4
USDJPY,20010103,073400,114.43,114.43,114.41,114.42,4
USDJPY,20010103,073500,114.42,114.44,114.42,114.44,4
USDJPY,20010103,073600,114.44,114.44,114.42,114.43,4
USDJPY,20010103,073700,114.44,114.46,114.44,114.45,4
USDJPY,20010103,073800,114.45,114.46,114.44,114.44,4
USDJPY,20010103,073900,114.44,114.45,114.43,114.43,4
USDJPY,20010103,074000,114.44,114.44,114.44,114.44,4
USDJPY,20010103,074100,114.45,114.45,114.44,114.45,4
USDJPY,20010103,074200,114.45,114.47,114.44,114.47,4
USDJPY,20010103,074300,114.47,114.47,114.46,114.46,4
USDJPY,20010103,074400,114.45,114.47,114.44,114.44,4
USDJPY,20010103,074500,114.42,114.42,114.39,114.40,4
USDJPY,20010103,074600,114.40,114.40,114.40,114.40,4
USDJPY,20010103,074700,114.40,114.41,114.40,114.40,4
USDJPY,20010103,074800,114.41,114.41,114.39,114.39,4
USDJPY,20010103,074900,114.38,114.40,114.38,114.40,4
USDJPY,20010103,075000,114.40,114.42,114.40,114.42,4
USDJPY,20010103,075100,114.42,114.43,114.41,114.41,4
USDJPY,20010103,075200,114.42,114.42,114.42,114.42,4
USDJPY,20010103,075300,114.43,114.44,114.43,114.43,4
USDJPY,20010103,075400,114.43,114.48,114.43,114.46,4
USDJPY,20010103,075500,114.47,114.48,114.47,114.47,4
USDJPY,20010103,075600,114.47,114.51,114.47,114.50,4
USDJPY,20010103,075700,114.51,114.54,114.51,114.53,4
USDJPY,20010103,075800,114.51,114.53,114.51,114.53,4
USDJPY,20010103,075900,114.54,114.56,114.53,114.55,4
USDJPY,20010103,080000,114.54,114.58,114.54,114.57,4
USDJPY,20010103,080100,114.56,114.57,114.55,114.56,4
USDJPY,20010103,080200,114.57,114.61,114.56,114.61,4
USDJPY,20010103,080300,114.61,114.61,114.57,114.57,4
USDJPY,20010103,080400,114.57,114.58,114.57,114.58,4
USDJPY,20010103,080500,114.57,114.57,114.56,114.56,4
USDJPY,20010103,080600,114.56,114.56,114.53,114.53,4
USDJPY,20010103,080700,114.52,114.55,114.51,114.53,4
USDJPY,20010103,080800,114.53,114.53,114.50,114.50,4
USDJPY,20010103,080900,114.50,114.50,114.50,114.50,4
USDJPY,20010103,081000,114.50,114.50,114.47,114.47,4
USDJPY,20010103,081100,114.47,114.49,114.47,114.48,4
USDJPY,20010103,081200,114.48,114.50,114.48,114.48,4
USDJPY,20010103,081300,114.47,114.49,114.46,114.47,4
USDJPY,20010103,081400,114.47,114.50,114.47,114.50,4
USDJPY,20010103,081500,114.50,114.50,114.47,114.47,4
USDJPY,20010103,081600,114.46,114.49,114.46,114.48,4
USDJPY,20010103,081700,114.48,114.49,114.47,114.47,4
USDJPY,20010103,081800,114.46,114.47,114.44,114.45,4
USDJPY,20010103,081900,114.45,114.46,114.44,114.45,4
USDJPY,20010103,082000,114.44,114.47,114.44,114.45,4
USDJPY,20010103,082100,114.45,114.45,114.43,114.43,4
USDJPY,20010103,082200,114.44,114.44,114.43,114.44,4
USDJPY,20010103,082300,114.45,114.45,114.43,114.43,4
USDJPY,20010103,082400,114.42,114.45,114.42,114.45,4
USDJPY,20010103,082500,114.47,114.48,114.46,114.47,4
USDJPY,20010103,082600,114.48,114.48,114.45,114.48,4
USDJPY,20010103,082700,114.48,114.48,114.46,114.46,4
USDJPY,20010103,082800,114.45,114.48,114.45,114.47,4
USDJPY,20010103,082900,114.48,114.50,114.48,114.49,4
USDJPY,20010103,083000,114.50,114.52,114.50,114.52,4
USDJPY,20010103,083100,114.50,114.51,114.48,114.49,4
USDJPY,20010103,083200,114.48,114.52,114.48,114.50,4
USDJPY,20010103,083300,114.49,114.51,114.49,114.51,4
USDJPY,20010103,083400,114.50,114.53,114.50,114.52,4
USDJPY,20010103,083500,114.51,114.51,114.49,114.49,4
USDJPY,20010103,083600,114.49,114.50,114.47,114.48,4
USDJPY,20010103,083700,114.49,114.49,114.48,114.48,4
USDJPY,20010103,083800,114.48,114.52,114.47,114.47,4
USDJPY,20010103,083900,114.47,114.48,114.45,114.45,4
USDJPY,20010103,084000,114.46,114.47,114.45,114.45,4
USDJPY,20010103,084100,114.44,114.45,114.42,114.42,4
USDJPY,20010103,084200,114.42,114.42,114.40,114.40,4
USDJPY,20010103,084300,114.39,114.40,114.37,114.39,4
USDJPY,20010103,084400,114.40,114.42,114.40,114.41,4
USDJPY,20010103,084500,114.40,114.43,114.40,114.42,4
USDJPY,20010103,084600,114.43,114.48,114.43,114.47,4
USDJPY,20010103,084700,114.47,114.48,114.47,114.47,4
USDJPY,20010103,084800,114.46,114.46,114.44,114.45,4
USDJPY,20010103,084900,114.46,114.46,114.44,114.44,4
USDJPY,20010103,085000,114.44,114.44,114.44,114.44,4
USDJPY,20010103,085100,114.44,114.45,114.43,114.44,4
USDJPY,20010103,085200,114.44,114.44,114.44,114.44,4
USDJPY,20010103,085300,114.44,114.44,114.40,114.40,4
USDJPY,20010103,085400,114.39,114.42,114.39,114.42,4
USDJPY,20010103,085500,114.41,114.42,114.40,114.41,4
USDJPY,20010103,085600,114.40,114.41,114.40,114.41,4
USDJPY,20010103,085700,114.40,114.40,114.39,114.40,4
USDJPY,20010103,085800,114.41,114.45,114.41,114.45,4
USDJPY,20010103,085900,114.45,114.45,114.44,114.44,4
USDJPY,20010103,090000,114.44,114.44,114.44,114.44,4
USDJPY,20010103,090100,114.43,114.44,114.42,114.44,4
USDJPY,20010103,090200,114.44,114.44,114.44,114.44,4
USDJPY,20010103,090300,114.44,114.45,114.44,114.45,4
USDJPY,20010103,090400,114.44,114.44,114.43,114.43,4
USDJPY,20010103,090500,114.42,114.42,114.40,114.40,4
USDJPY,20010103,090600,114.39,114.39,114.38,114.38,4
USDJPY,20010103,090700,114.39,114.39,114.39,114.39,4
USDJPY,20010103,090800,114.39,114.39,114.39,114.39,4
USDJPY,20010103,090900,114.39,114.41,114.39,114.41,4
USDJPY,20010103,091000,114.42,114.49,114.42,114.49,4
USDJPY,20010103,091100,114.50,114.51,114.50,114.51,4
USDJPY,20010103,091200,114.51,114.51,114.49,114.49,4
USDJPY,20010103,091300,114.47,114.47,114.46,114.46,4
USDJPY,20010103,091400,114.47,114.47,114.45,114.45,4
USDJPY,20010103,091500,114.45,114.45,114.45,114.45,4
USDJPY,20010103,091600,114.47,114.47,114.46,114.47,4
USDJPY,20010103,091700,114.47,114.48,114.47,114.48,4
USDJPY,20010103,091800,114.48,114.48,114.48,114.48,4
USDJPY,20010103,091900,114.48,114.48,114.48,114.48,4
USDJPY,20010103,092000,114.48,114.48,114.47,114.47,4
USDJPY,20010103,092100,114.47,114.47,114.45,114.45,4
USDJPY,20010103,092200,114.45,114.46,114.45,114.46,4
USDJPY,20010103,092300,114.47,114.47,114.46,114.46,4
USDJPY,20010103,092400,114.44,114.45,114.44,114.45,4
USDJPY,20010103,092500,114.47,114.47,114.47,114.47,4
USDJPY,20010103,092600,114.47,114.47,114.47,114.47,4
USDJPY,20010103,092700,114.45,114.45,114.45,114.45,4
USDJPY,20010103,092800,114.45,114.46,114.45,114.46,4
USDJPY,20010103,092900,114.47,114.47,114.47,114.47,4
USDJPY,20010103,093200,114.47,114.49,114.47,114.49,4
USDJPY,20010103,093300,114.48,114.52,114.48,114.52,4
USDJPY,20010103,093400,114.54,114.55,114.54,114.55,4
USDJPY,20010103,093500,114.56,114.57,114.56,114.57,4
USDJPY,20010103,093600,114.56,114.58,114.56,114.58,4
USDJPY,20010103,093700,114.56,114.56,114.56,114.56,4
USDJPY,20010103,093800,114.56,114.56,114.56,114.56,4
USDJPY,20010103,093900,114.56,114.56,114.56,114.56,4
USDJPY,20010103,094000,114.56,114.56,114.56,114.56,4
USDJPY,20010103,094100,114.54,114.55,114.54,114.54,4
USDJPY,20010103,094200,114.55,114.58,114.55,114.58,4
USDJPY,20010103,094300,114.56,114.56,114.54,114.54,4
USDJPY,20010103,094400,114.53,114.53,114.53,114.53,4
USDJPY,20010103,094500,114.54,114.56,114.54,114.54,4
USDJPY,20010103,094600,114.53,114.53,114.51,114.51,4
USDJPY,20010103,094700,114.51,114.51,114.51,114.51,4
USDJPY,20010103,094800,114.51,114.53,114.51,114.53,4
USDJPY,20010103,094900,114.53,114.53,114.53,114.53,4
USDJPY,20010103,095000,114.53,114.53,114.53,114.53,4
USDJPY,20010103,095100,114.54,114.56,114.54,114.56,4
USDJPY,20010103,095200,114.56,114.56,114.56,114.56,4
USDJPY,20010103,095500,114.56,114.59,114.56,114.59,4
USDJPY,20010103,095600,114.58,114.58,114.58,114.58,4
USDJPY,20010103,095700,114.56,114.56,114.56,114.56,4
USDJPY,20010103,095800,114.58,114.59,114.58,114.59,4
USDJPY,20010103,095900,114.59,114.59,114.59,114.59,4
USDJPY,20010103,100000,114.60,114.61,114.60,114.61,4
USDJPY,20010103,100100,114.61,114.61,114.61,114.61,4
USDJPY,20010103,100200,114.61,114.64,114.61,114.64,4
USDJPY,20010103,100300,114.64,114.64,114.64,114.64,4
USDJPY,20010103,100400,114.64,114.64,114.62,114.62,4
USDJPY,20010103,100500,114.61,114.61,114.61,114.61,4
USDJPY,20010103,100600,114.61,114.62,114.61,114.62,4
USDJPY,20010103,100700,114.61,114.61,114.61,114.61,4
USDJPY,20010103,100900,114.61,114.61,114.59,114.59,4
USDJPY,20010103,101200,114.54,114.54,114.52,114.52,4
USDJPY,20010103,101300,114.51,114.54,114.51,114.54,4
USDJPY,20010103,101400,114.55,114.55,114.54,114.54,4
USDJPY,20010103,101500,114.53,114.54,114.49,114.49,4
USDJPY,20010103,101600,114.47,114.47,114.47,114.47,4
USDJPY,20010103,101700,114.47,114.47,114.47,114.47,4
USDJPY,20010103,101800,114.48,114.48,114.44,114.46,4
USDJPY,20010103,101900,114.45,114.46,114.45,114.45,4
USDJPY,20010103,102000,114.45,114.48,114.45,114.47,4
USDJPY,20010103,102100,114.47,114.47,114.47,114.47,4
USDJPY,20010103,102200,114.47,114.47,114.47,114.47,4
USDJPY,20010103,102300,114.47,114.47,114.46,114.47,4
USDJPY,20010103,102400,114.46,114.48,114.46,114.47,4
USDJPY,20010103,102500,114.47,114.47,114.46,114.47,4
USDJPY,20010103,102600,114.46,114.50,114.46,114.49,4
USDJPY,20010103,102700,114.50,114.51,114.48,114.51,4
USDJPY,20010103,102800,114.51,114.51,114.48,114.49,4
USDJPY,20010103,102900,114.48,114.49,114.48,114.48,4
USDJPY,20010103,103000,114.47,114.47,114.45,114.45,4
USDJPY,20010103,103100,114.45,114.45,114.44,114.44,4
USDJPY,20010103,103200,114.44,114.45,114.42,114.44,4
USDJPY,20010103,103300,114.43,114.43,114.41,114.41,4
USDJPY,20010103,103400,114.40,114.41,114.40,114.41,4
USDJPY,20010103,103500,114.39,114.42,114.39,114.40,4
USDJPY,20010103,103600,114.41,114.42,114.40,114.42,4
USDJPY,20010103,103700,114.42,114.42,114.42,114.42,4
USDJPY,20010103,103800,114.42,114.42,114.42,114.42,4
USDJPY,20010103,103900,114.41,114.42,114.41,114.42,4
USDJPY,20010103,104000,114.43,114.44,114.42,114.44,4
USDJPY,20010103,104100,114.43,114.44,114.43,114.44,4
USDJPY,20010103,104200,114.44,114.45,114.43,114.44,4
USDJPY,20010103,104300,114.44,114.44,114.41,114.41,4
USDJPY,20010103,104400,114.42,114.42,114.41,114.42,4
USDJPY,20010103,104500,114.42,114.44,114.42,114.43,4
USDJPY,20010103,104600,114.44,114.44,114.44,114.44,4
USDJPY,20010103,104700,114.43,114.45,114.43,114.44,4
USDJPY,20010103,104800,114.44,114.44,114.44,114.44,4
USDJPY,20010103,104900,114.44,114.45,114.44,114.45,4
USDJPY,20010103,105000,114.46,114.47,114.44,114.45,4
USDJPY,20010103,105100,114.45,114.47,114.45,114.47,4
USDJPY,20010103,105200,114.46,114.46,114.44,114.44,4
USDJPY,20010103,105300,114.44,114.44,114.43,114.44,4
USDJPY,20010103,105400,114.43,114.44,114.43,114.43,4
USDJPY,20010103,105500,114.44,114.44,114.43,114.44,4
USDJPY,20010103,105600,114.44,114.44,114.42,114.42,4
USDJPY,20010103,105700,114.42,114.42,114.39,114.39,4
USDJPY,20010103,105800,114.40,114.40,114.37,114.37,4
USDJPY,20010103,105900,114.38,114.38,114.36,114.37,4
USDJPY,20010103,110000,114.37,114.39,114.37,114.39,4
USDJPY,20010103,110100,114.39,114.39,114.36,114.36,4
USDJPY,20010103,110200,114.36,114.38,114.36,114.37,4
USDJPY,20010103,110300,114.37,114.37,114.33,114.33,4
USDJPY,20010103,110400,114.34,114.36,114.33,114.34,4
USDJPY,20010103,110500,114.34,114.36,114.34,114.36,4
USDJPY,20010103,110600,114.36,114.41,114.36,114.40,4
USDJPY,20010103,110700,114.40,114.41,114.40,114.41,4
USDJPY,20010103,110800,114.42,114.44,114.41,114.44,4
USDJPY,20010103,110900,114.45,114.45,114.41,114.42,4
USDJPY,20010103,111000,114.43,114.43,114.39,114.39,4
USDJPY,20010103,111100,114.39,114.40,114.38,114.39,4
USDJPY,20010103,111200,114.37,114.40,114.37,114.39,4
USDJPY,20010103,111300,114.39,114.40,114.39,114.40,4
USDJPY,20010103,111400,114.40,114.42,114.40,114.42,4
USDJPY,20010103,111500,114.42,114.42,114.42,114.42,4
USDJPY,20010103,111600,114.42,114.42,114.41,114.41,4
USDJPY,20010103,111700,114.42,114.43,114.42,114.42,4
USDJPY,20010103,111800,114.41,114.44,114.41,114.44,4
USDJPY,20010103,111900,114.44,114.44,114.44,114.44,4
USDJPY,20010103,112000,114.44,114.44,114.42,114.42,4
USDJPY,20010103,112100,114.42,114.46,114.42,114.46,4
USDJPY,20010103,112200,114.46,114.47,114.46,114.46,4
USDJPY,20010103,112300,114.46,114.46,114.45,114.45,4
USDJPY,20010103,112400,114.45,114.48,114.45,114.45,4
USDJPY,20010103,112500,114.46,114.46,114.43,114.44,4
USDJPY,20010103,112600,114.44,114.44,114.43,114.44,4
USDJPY,20010103,112700,114.44,114.44,114.43,114.44,4
USDJPY,20010103,112800,114.44,114.44,114.44,114.44,4
USDJPY,20010103,112900,114.44,114.45,114.44,114.44,4
USDJPY,20010103,113000,114.44,114.45,114.44,114.44,4
USDJPY,20010103,113100,114.44,114.44,114.42,114.44,4
USDJPY,20010103,113200,114.44,114.45,114.44,114.45,4
USDJPY,20010103,113300,114.44,114.45,114.44,114.45,4
USDJPY,20010103,113400,114.44,114.45,114.44,114.44,4
USDJPY,20010103,113500,114.45,114.45,114.44,114.44,4
USDJPY,20010103,113600,114.44,114.45,114.44,114.44,4
USDJPY,20010103,113700,114.44,114.46,114.44,114.45,4
USDJPY,20010103,113800,114.45,114.47,114.45,114.45,4
USDJPY,20010103,113900,114.47,114.47,114.46,114.46,4
USDJPY,20010103,114000,114.45,114.45,114.45,114.45,4
USDJPY,20010103,114100,114.45,114.45,114.44,114.44,4
USDJPY,20010103,114200,114.45,114.45,114.44,114.44,4
USDJPY,20010103,114300,114.44,114.45,114.44,114.45,4
USDJPY,20010103,114400,114.45,114.46,114.45,114.46,4
USDJPY,20010103,114500,114.47,114.48,114.46,114.47,4
USDJPY,20010103,114600,114.47,114.48,114.47,114.47,4
USDJPY,20010103,114700,114.46,114.49,114.46,114.49,4
USDJPY,20010103,114800,114.48,114.49,114.47,114.47,4
USDJPY,20010103,114900,114.47,114.47,114.46,114.47,4
USDJPY,20010103,115000,114.48,114.48,114.47,114.48,4
USDJPY,20010103,115100,114.48,114.48,114.47,114.47,4
USDJPY,20010103,115200,114.46,114.47,114.44,114.44,4
USDJPY,20010103,115300,114.44,114.44,114.43,114.43,4
USDJPY,20010103,115400,114.42,114.43,114.41,114.43,4
USDJPY,20010103,115500,114.44,114.45,114.41,114.43,4
USDJPY,20010103,115600,114.42,114.45,114.42,114.44,4
USDJPY,20010103,115700,114.44,114.44,114.42,114.43,4
USDJPY,20010103,115800,114.42,114.44,114.42,114.44,4
USDJPY,20010103,115900,114.44,114.47,114.44,114.47,4
USDJPY,20010103,120000,114.46,114.47,114.44,114.44,4
USDJPY,20010103,120100,114.43,114.44,114.41,114.42,4
USDJPY,20010103,120200,114.42,114.42,114.42,114.42,4
USDJPY,20010103,120300,114.40,114.44,114.40,114.44,4
USDJPY,20010103,120400,114.44,114.44,114.43,114.44,4
USDJPY,20010103,120500,114.43,114.44,114.43,114.44,4
USDJPY,20010103,120600,114.44,114.45,114.43,114.43,4
USDJPY,20010103,120700,114.43,114.44,114.43,114.44,4
USDJPY,20010103,120800,114.43,114.43,114.42,114.42,4
USDJPY,20010103,120900,114.42,114.44,114.42,114.42,4
USDJPY,20010103,121000,114.43,114.43,114.42,114.42,4
USDJPY,20010103,121100,114.41,114.44,114.41,114.44,4
USDJPY,20010103,121200,114.44,114.45,114.44,114.44,4
USDJPY,20010103,121300,114.44,114.44,114.44,114.44,4
USDJPY,20010103,121400,114.44,114.44,114.42,114.42,4
USDJPY,20010103,121500,114.42,114.42,114.41,114.42,4
USDJPY,20010103,121600,114.42,114.48,114.42,114.47,4
USDJPY,20010103,121700,114.46,114.51,114.46,114.49,4
USDJPY,20010103,121800,114.48,114.49,114.46,114.47,4
USDJPY,20010103,121900,114.48,114.48,114.47,114.47,4
USDJPY,20010103,122000,114.47,114.47,114.45,114.45,4
USDJPY,20010103,122100,114.43,114.45,114.41,114.41,4
USDJPY,20010103,122200,114.42,114.44,114.42,114.42,4
USDJPY,20010103,122300,114.42,114.43,114.39,114.39,4
USDJPY,20010103,122400,114.39,114.43,114.39,114.40,4
USDJPY,20010103,122500,114.41,114.41,114.39,114.39,4
USDJPY,20010103,122600,114.39,114.39,114.37,114.37,4
USDJPY,20010103,122700,114.37,114.37,114.34,114.34,4
USDJPY,20010103,122800,114.34,114.36,114.34,114.34,4
USDJPY,20010103,122900,114.34,114.34,114.30,114.30,4
USDJPY,20010103,123000,114.29,114.33,114.29,114.31,4
USDJPY,20010103,123100,114.31,114.32,114.31,114.31,4
USDJPY,20010103,123200,114.31,114.31,114.29,114.29,4
USDJPY,20010103,123300,114.29,114.31,114.29,114.31,4
USDJPY,20010103,123400,114.30,114.31,114.30,114.31,4
USDJPY,20010103,123500,114.31,114.32,114.30,114.31,4
USDJPY,20010103,123600,114.31,114.33,114.30,114.33,4
USDJPY,20010103,123700,114.33,114.34,114.33,114.34,4
USDJPY,20010103,123800,114.34,114.36,114.34,114.35,4
USDJPY,20010103,123900,114.36,114.36,114.36,114.36,4
USDJPY,20010103,124000,114.36,114.38,114.36,114.38,4
USDJPY,20010103,124100,114.37,114.37,114.36,114.37,4
USDJPY,20010103,124200,114.37,114.39,114.37,114.38,4
USDJPY,20010103,124300,114.39,114.41,114.39,114.39,4
USDJPY,20010103,124400,114.39,114.40,114.39,114.39,4
USDJPY,20010103,124500,114.39,114.40,114.39,114.39,4
USDJPY,20010103,124600,114.39,114.39,114.36,114.36,4
USDJPY,20010103,124700,114.36,114.36,114.34,114.34,4
USDJPY,20010103,124800,114.36,114.36,114.31,114.31,4
USDJPY,20010103,124900,114.32,114.33,114.30,114.31,4
USDJPY,20010103,125000,114.30,114.31,114.29,114.30,4
USDJPY,20010103,125100,114.31,114.32,114.30,114.31,4
USDJPY,20010103,125200,114.31,114.31,114.29,114.31,4
USDJPY,20010103,125300,114.30,114.31,114.29,114.29,4
USDJPY,20010103,125400,114.28,114.28,114.27,114.27,4
USDJPY,20010103,125500,114.28,114.28,114.26,114.26,4
USDJPY,20010103,125600,114.27,114.27,114.24,114.25,4
USDJPY,20010103,125700,114.24,114.24,114.22,114.23,4
USDJPY,20010103,125800,114.22,114.23,114.22,114.23,4
USDJPY,20010103,125900,114.23,114.23,114.22,114.22,4
USDJPY,20010103,130000,114.21,114.23,114.21,114.22,4
USDJPY,20010103,130100,114.22,114.22,114.19,114.22,4
USDJPY,20010103,130200,114.21,114.22,114.20,114.22,4
USDJPY,20010103,130300,114.21,114.21,114.17,114.19,4
USDJPY,20010103,130400,114.18,114.21,114.18,114.20,4
USDJPY,20010103,130500,114.19,114.20,114.14,114.14,4
USDJPY,20010103,130600,114.13,114.14,114.11,114.11,4
USDJPY,20010103,130700,114.11,114.11,114.06,114.08,4
USDJPY,20010103,130800,114.07,114.13,114.07,114.10,4
USDJPY,20010103,130900,114.11,114.14,114.11,114.11,4
USDJPY,20010103,131000,114.10,114.10,114.04,114.06,4
USDJPY,20010103,131100,114.05,114.06,114.04,114.06,4
USDJPY,20010103,131200,114.06,114.10,114.06,114.09,4
USDJPY,20010103,131300,114.10,114.12,114.08,114.12,4
USDJPY,20010103,131400,114.13,114.14,114.11,114.14,4
USDJPY,20010103,131500,114.14,114.16,114.14,114.14,4
USDJPY,20010103,131600,114.15,114.17,114.15,114.15,4
USDJPY,20010103,131700,114.15,114.17,114.15,114.17,4
USDJPY,20010103,131800,114.16,114.18,114.16,114.18,4
USDJPY,20010103,131900,114.19,114.19,114.17,114.18,4
USDJPY,20010103,132000,114.18,114.20,114.16,114.17,4
USDJPY,20010103,132100,114.16,114.17,114.14,114.15,4
USDJPY,20010103,132200,114.14,114.16,114.14,114.15,4
USDJPY,20010103,132300,114.16,114.17,114.15,114.15,4
USDJPY,20010103,132400,114.14,114.15,114.13,114.14,4
USDJPY,20010103,132500,114.14,114.15,114.14,114.14,4
USDJPY,20010103,132600,114.14,114.18,114.14,114.17,4
USDJPY,20010103,132700,114.19,114.21,114.19,114.20,4
USDJPY,20010103,132800,114.20,114.25,114.20,114.25,4
USDJPY,20010103,132900,114.26,114.27,114.25,114.27,4
USDJPY,20010103,133000,114.26,114.26,114.25,114.25,4
USDJPY,20010103,133100,114.25,114.28,114.25,114.28,4
USDJPY,20010103,133200,114.28,114.28,114.26,114.28,4
USDJPY,20010103,133300,114.28,114.31,114.28,114.31,4
USDJPY,20010103,133400,114.29,114.32,114.29,114.31,4
USDJPY,20010103,133500,114.30,114.32,114.29,114.31,4
USDJPY,20010103,133600,114.31,114.31,114.29,114.29,4
USDJPY,20010103,133700,114.30,114.30,114.28,114.28,4
USDJPY,20010103,133800,114.28,114.28,114.26,114.28,4
USDJPY,20010103,133900,114.26,114.28,114.26,114.26,4
USDJPY,20010103,134000,114.25,114.28,114.25,114.28,4
USDJPY,20010103,134100,114.28,114.28,114.25,114.25,4
USDJPY,20010103,134200,114.24,114.25,114.23,114.25,4
USDJPY,20010103,134300,114.25,114.25,114.23,114.25,4
USDJPY,20010103,134400,114.24,114.25,114.22,114.22,4
USDJPY,20010103,134500,114.22,114.22,114.22,114.22,4
USDJPY,20010103,134600,114.24,114.26,114.24,114.25,4
USDJPY,20010103,134700,114.25,114.26,114.24,114.25,4
USDJPY,20010103,134800,114.24,114.25,114.19,114.19,4
USDJPY,20010103,134900,114.19,114.20,114.19,114.19,4
USDJPY,20010103,135000,114.20,114.22,114.19,114.22,4
USDJPY,20010103,135100,114.22,114.22,114.22,114.22,4
USDJPY,20010103,135200,114.22,114.23,114.22,114.22,4
USDJPY,20010103,135300,114.21,114.21,114.18,114.19,4
USDJPY,20010103,135400,114.18,114.19,114.17,114.19,4
USDJPY,20010103,135500,114.19,114.20,114.19,114.20,4
USDJPY,20010103,135600,114.20,114.23,114.20,114.22,4
USDJPY,20010103,135700,114.22,114.23,114.22,114.23,4
USDJPY,20010103,135800,114.23,114.23,114.23,114.23,4
USDJPY,20010103,135900,114.23,114.23,114.23,114.23,4
USDJPY,20010103,140000,114.23,114.23,114.22,114.22,4
USDJPY,20010103,140100,114.21,114.22,114.19,114.19,4
USDJPY,20010103,140200,114.19,114.19,114.18,114.19,4
USDJPY,20010103,140300,114.19,114.20,114.19,114.20,4
USDJPY,20010103,140400,114.20,114.20,114.19,114.20,4
USDJPY,20010103,140500,114.21,114.23,114.21,114.23,4
USDJPY,20010103,140600,114.23,114.23,114.22,114.22,4
USDJPY,20010103,140700,114.22,114.22,114.22,114.22,4
USDJPY,20010103,140800,114.22,114.22,114.21,114.21,4
USDJPY,20010103,140900,114.21,114.22,114.21,114.22,4
USDJPY,20010103,141000,114.22,114.22,114.22,114.22,4
USDJPY,20010103,141100,114.22,114.25,114.22,114.25,4
USDJPY,20010103,141200,114.25,114.25,114.23,114.23,4
USDJPY,20010103,141300,114.23,114.25,114.23,114.25,4
USDJPY,20010103,141400,114.25,114.25,114.25,114.25,4
USDJPY,20010103,141500,114.24,114.25,114.24,114.25,4
USDJPY,20010103,141600,114.25,114.25,114.24,114.25,4
USDJPY,20010103,141700,114.24,114.26,114.24,114.24,4
USDJPY,20010103,141800,114.23,114.23,114.22,114.23,4
USDJPY,20010103,141900,114.24,114.24,114.23,114.23,4
USDJPY,20010103,142000,114.23,114.23,114.19,114.20,4
USDJPY,20010103,142100,114.20,114.21,114.18,114.18,4
USDJPY,20010103,142200,114.17,114.19,114.16,114.18,4
USDJPY,20010103,142300,114.19,114.19,114.19,114.19,4
USDJPY,20010103,142400,114.19,114.20,114.19,114.19,4
USDJPY,20010103,142500,114.20,114.22,114.20,114.21,4
USDJPY,20010103,142600,114.21,114.22,114.21,114.22,4
USDJPY,20010103,142700,114.21,114.23,114.21,114.23,4
USDJPY,20010103,142800,114.24,114.29,114.24,114.29,4
USDJPY,20010103,142900,114.28,114.29,114.28,114.28,4
USDJPY,20010103,143000,114.27,114.33,114.27,114.32,4
USDJPY,20010103,143100,114.33,114.34,114.32,114.34,4
USDJPY,20010103,143200,114.32,114.39,114.32,114.37,4
USDJPY,20010103,143300,114.38,114.43,114.36,114.43,4
USDJPY,20010103,143400,114.42,114.42,114.41,114.41,4
USDJPY,20010103,143500,114.41,114.41,114.39,114.40,4
USDJPY,20010103,143600,114.40,114.40,114.39,114.39,4
USDJPY,20010103,143700,114.39,114.39,114.37,114.38,4
USDJPY,20010103,143800,114.39,114.39,114.36,114.37,4
USDJPY,20010103,143900,114.37,114.37,114.36,114.36,4
USDJPY,20010103,144000,114.36,114.36,114.35,114.36,4
USDJPY,20010103,144100,114.36,114.36,114.36,114.36,4
USDJPY,20010103,144200,114.37,114.38,114.37,114.37,4
USDJPY,20010103,144300,114.39,114.39,114.39,114.39,4
USDJPY,20010103,144400,114.39,114.39,114.38,114.38,4
USDJPY,20010103,144500,114.39,114.39,114.39,114.39,4
USDJPY,20010103,144600,114.41,114.42,114.40,114.42,4
USDJPY,20010103,144700,114.43,114.44,114.42,114.42,4
USDJPY,20010103,144800,114.43,114.43,114.41,114.42,4
USDJPY,20010103,144900,114.42,114.44,114.42,114.44,4
USDJPY,20010103,145000,114.44,114.45,114.44,114.44,4
USDJPY,20010103,145100,114.44,114.44,114.44,114.44,4
USDJPY,20010103,145200,114.44,114.44,114.44,114.44,4
USDJPY,20010103,145300,114.44,114.44,114.41,114.41,4
USDJPY,20010103,145400,114.40,114.40,114.38,114.38,4
USDJPY,20010103,145500,114.38,114.38,114.34,114.35,4
USDJPY,20010103,145600,114.35,114.36,114.34,114.36,4
USDJPY,20010103,145700,114.37,114.38,114.36,114.37,4
USDJPY,20010103,145800,114.36,114.37,114.36,114.36,4
USDJPY,20010103,145900,114.35,114.35,114.34,114.35,4
USDJPY,20010103,150000,114.39,114.39,114.34,114.36,4
USDJPY,20010103,150100,114.36,114.36,114.36,114.36,4
USDJPY,20010103,150200,114.36,114.36,114.35,114.36,4
USDJPY,20010103,150300,114.36,114.36,114.36,114.36,4
USDJPY,20010103,150400,114.37,114.37,114.34,114.34,4
USDJPY,20010103,150500,114.34,114.34,114.34,114.34,4
USDJPY,20010103,150600,114.34,114.36,114.34,114.36,4
USDJPY,20010103,150700,114.36,114.36,114.34,114.34,4
USDJPY,20010103,150800,114.35,114.35,114.33,114.33,4
USDJPY,20010103,150900,114.33,114.34,114.33,114.34,4
USDJPY,20010103,151000,114.34,114.38,114.34,114.38,4
USDJPY,20010103,151100,114.40,114.41,114.39,114.40,4
USDJPY,20010103,151200,114.40,114.42,114.40,114.42,4
USDJPY,20010103,151300,114.42,114.44,114.42,114.44,4
USDJPY,20010103,151400,114.45,114.45,114.43,114.44,4
USDJPY,20010103,151500,114.44,114.44,114.44,114.44,4
USDJPY,20010103,151600,114.45,114.45,114.44,114.45,4
USDJPY,20010103,151700,114.44,114.44,114.42,114.44,4
USDJPY,20010103,151800,114.44,114.44,114.44,114.44,4
USDJPY,20010103,151900,114.44,114.45,114.44,114.44,4
USDJPY,20010103,152000,114.45,114.45,114.44,114.44,4
USDJPY,20010103,152100,114.44,114.44,114.40,114.40,4
USDJPY,20010103,152200,114.40,114.41,114.39,114.39,4
USDJPY,20010103,152300,114.39,114.41,114.39,114.41,4
USDJPY,20010103,152400,114.40,114.40,114.39,114.39,4
USDJPY,20010103,152500,114.40,114.40,114.40,114.40,4
USDJPY,20010103,152600,114.40,114.40,114.40,114.40,4
USDJPY,20010103,152700,114.39,114.40,114.39,114.40,4
USDJPY,20010103,152800,114.40,114.42,114.40,114.42,4
USDJPY,20010103,152900,114.42,114.42,114.40,114.40,4
USDJPY,20010103,153000,114.39,114.40,114.39,114.40,4
USDJPY,20010103,153100,114.39,114.42,114.39,114.40,4
USDJPY,20010103,153200,114.40,114.40,114.40,114.40,4
USDJPY,20010103,153300,114.42,114.42,114.40,114.40,4
USDJPY,20010103,153400,114.41,114.44,114.39,114.44,4
USDJPY,20010103,153500,114.44,114.44,114.43,114.43,4
USDJPY,20010103,153600,114.40,114.42,114.40,114.42,4
USDJPY,20010103,153700,114.42,114.45,114.42,114.44,4
USDJPY,20010103,153800,114.45,114.45,114.43,114.45,4
USDJPY,20010103,153900,114.46,114.49,114.45,114.45,4
USDJPY,20010103,154000,114.45,114.45,114.44,114.44,4
USDJPY,20010103,154100,114.43,114.43,114.42,114.42,4
USDJPY,20010103,154200,114.42,114.42,114.42,114.42,4
USDJPY,20010103,154300,114.40,114.40,114.40,114.40,4
USDJPY,20010103,154400,114.39,114.40,114.39,114.40,4
USDJPY,20010103,154500,114.40,114.42,114.40,114.42,4
USDJPY,20010103,154600,114.42,114.42,114.40,114.40,4
USDJPY,20010103,154700,114.40,114.40,114.38,114.38,4
USDJPY,20010103,154800,114.37,114.37,114.36,114.36,4
USDJPY,20010103,154900,114.36,114.38,114.34,114.38,4
USDJPY,20010103,155000,114.37,114.38,114.36,114.38,4
USDJPY,20010103,155100,114.38,114.39,114.37,114.39,4
USDJPY,20010103,155200,114.39,114.43,114.39,114.40,4
USDJPY,20010103,155300,114.39,114.39,114.38,114.38,4
USDJPY,20010103,155400,114.37,114.38,114.36,114.36,4
USDJPY,20010103,155500,114.36,114.37,114.36,114.37,4
USDJPY,20010103,155600,114.37,114.37,114.36,114.37,4
USDJPY,20010103,155700,114.37,114.39,114.37,114.39,4
USDJPY,20010103,155800,114.39,114.39,114.36,114.36,4
USDJPY,20010103,155900,114.36,114.36,114.35,114.35,4
USDJPY,20010103,160000,114.34,114.34,114.33,114.34,4
USDJPY,20010103,160100,114.33,114.37,114.33,114.37,4
USDJPY,20010103,160200,114.36,114.37,114.36,114.37,4
USDJPY,20010103,160300,114.36,114.37,114.36,114.36,4
USDJPY,20010103,160400,114.37,114.38,114.36,114.37,4
USDJPY,20010103,160500,114.36,114.36,114.35,114.35,4
USDJPY,20010103,160600,114.34,114.35,114.33,114.35,4
USDJPY,20010103,160700,114.35,114.36,114.34,114.36,4
USDJPY,20010103,160800,114.36,114.36,114.36,114.36,4
USDJPY,20010103,160900,114.36,114.36,114.34,114.34,4
USDJPY,20010103,161000,114.34,114.36,114.34,114.34,4
USDJPY,20010103,161100,114.35,114.36,114.33,114.36,4
USDJPY,20010103,161200,114.36,114.36,114.36,114.36,4
USDJPY,20010103,161300,114.36,114.36,114.34,114.34,4
USDJPY,20010103,161400,114.35,114.35,114.35,114.35,4
USDJPY,20010103,161500,114.35,114.35,114.34,114.34,4
USDJPY,20010103,161600,114.31,114.33,114.31,114.33,4
USDJPY,20010103,161700,114.33,114.33,114.32,114.33,4
USDJPY,20010103,161800,114.33,114.36,114.33,114.36,4
USDJPY,20010103,161900,114.36,114.36,114.36,114.36,4
USDJPY,20010103,162000,114.36,114.37,114.35,114.36,4
USDJPY,20010103,162100,114.35,114.36,114.35,114.35,4
USDJPY,20010103,162200,114.34,114.34,114.33,114.33,4
USDJPY,20010103,162300,114.33,114.33,114.31,114.32,4
USDJPY,20010103,162400,114.31,114.31,114.29,114.29,4
USDJPY,20010103,162500,114.29,114.29,114.29,114.29,4
USDJPY,20010103,162600,114.28,114.29,114.27,114.27,4
USDJPY,20010103,162700,114.27,114.28,114.27,114.28,4
USDJPY,20010103,162800,114.28,114.28,114.26,114.27,4

